$0,1,2,3,4,5,6,7$


portals_01,316,342,14,56
portals_02,231,342,17,56
portals_03,155,342,18,56
portals_04,24,342,21,56
portals_05,46,342,21,56
portals_06,349,171,23,56
portals_07,349,114,24,56
portals_08,318,114,27,56
portals_09,318,57,29,56
portals_10,166,285,31,56
portals_11,34,285,32,56
portals_12,210,114,35,56
portals_13,210,0,38,56
portals_14,125,171,39,56
portals_15<,0,0,41,56
portals_16,205,171,3,56
portals_17,375,228,5,56
portals_18,276,228,7,56
portals_19,375,57,10,56
portals_20,361,342,11,56
portals_21,331,342,14,56
portals_22,249,342,16,56
portals_23,174,342,18,56
portals_24,68,342,21,56
portals_25,349,228,23,56
portals_26,292,285,25,56
portals_27,318,171,27,56
portals_28,230,285,30,56
portals_29,67,285,32,56
portals_30<,140,228,33,56
portals_31,300,342,15,56
portals_32,266,342,16,56
portals_33,193,342,18,56
portals_34,134,342,20,56
portals_35,90,342,21,56
portals_36,349,285,23,56
portals_37,349,0,25,56
portals_38,318,228,27,56
portals_39,261,285,30,56
portals_40,198,285,31,56
portals_41,100,285,32,56
portals_42,210,171,35,56
portals_43,210,57,37,56
portals_44,165,171,39,56
portals_45<,84,171,40,56
portals_46,375,342,3,56
portals_47,375,285,5,56
portals_48,375,171,7,56
portals_49,375,114,10,56
portals_50,375,0,11,56
portals_51,346,342,14,56
portals_52,283,342,16,56
portals_53,212,342,18,56
portals_54,112,342,21,56
portals_55,0,342,23,56
portals_56,349,57,25,56
portals_57,318,285,27,56
portals_58,318,0,30,56
portals_59,133,285,32,56
portals_60<,174,228,33,56
portals_61,42,0,41,56
portals_62,0,57,41,56
portals_63,42,57,41,56
portals_64,84,0,41,56
portals_65,84,57,41,56
portals_66,126,0,41,56
portals_67,126,57,41,56
portals_68<,0,114,41,56
portals_77,208,228,33,56
portals_78,242,228,33,56
portals_79,284,0,33,56
portals_80,284,57,33,56
portals_81,284,114,33,56
portals_82,284,171,33,56
portals_83,284,228,33,56
portals_84<,0,285,33,56
portals_93,42,114,41,56
portals_94,84,114,41,56
portals_95,126,114,41,56
portals_96,168,0,41,56
portals_97,168,57,41,56
portals_98,168,114,41,56
portals_99,0,171,41,56
portals_100<,42,171,41,56
portals_109,249,0,34,56
portals_110,249,57,34,56
portals_111,249,114,34,56
portals_112,249,171,34,56
portals_113,0,228,34,56
portals_114,35,228,34,56
portals_115,70,228,34,56
portals_116<,105,228,34,56
