$2,3,4,0,1$

ALCO0000,112,0,32,51
ALCO0001,112,52,32,51
ALCO0002,0,106,32,51
ALCO0003,33,106,32,51
ALCO0004,66,106,32,51
ALCO0005,99,106,32,51
ALCO0006,145,0,32,51
ALCO0007E,145,52,32,51
ALCO0008,213,0,36,45
ALCO0009,213,46,36,45
ALCO00010,213,92,36,45
ALCO00011,213,138,36,45
ALCO00012,0,207,36,45
ALCO00013,37,207,36,45
ALCO00014,74,207,36,45
ALCO00015E,111,207,36,45
ALCO0016,148,207,33,44
ALCO0017,182,207,33,44
ALCO0018,216,207,33,44
ALCO0019,178,147,33,44
ALCO0020,250,0,33,44
ALCO0021,250,45,33,44
ALCO0022,250,90,33,44
ALCO0023E,250,135,33,44
ALCO0024,0,158,34,48
ALCO0025,35,158,34,48
ALCO0026,70,158,34,48
ALCO0027,105,158,34,48
ALCO0028,140,158,34,48
ALCO0029,178,0,34,48
ALCO0030,178,49,34,48
ALCO0031E,178,98,34,48
ALCO0032,0,0,27,52
ALCO0033,28,0,27,52
ALCO0034,56,0,27,52
ALCO0035,0,53,27,52
ALCO0036,28,53,27,52
ALCO0037,56,53,27,52
ALCO0038,84,0,27,52
ALCO0039E,84,53,27,52
