$4,5,6,7,0,1,2,3$

z_idle_01,156,192,24,47
z_idle_02,181,192,24,47
z_idle_03,180,48,25,47
z_idle_04,180,96,25,47
z_idle_05,114,144,26,47
z_idle_06,141,144,26,47
z_idle_07,180,144,25,47
z_idle_08,206,192,24,47
z_idle_09,233,0,24,47
z_idle_10,233,48,24,47
z_idle_11<,175,240,23,47
z_idle_12,233,96,24,47
z_idle_13,72,288,22,47
z_idle_14,95,288,22,47
z_idle_15,118,288,22,47
z_idle_16,141,288,22,47
z_idle_17,164,288,22,47
z_idle_18,199,240,23,47
z_idle_19,223,240,23,47
z_idle_20,247,240,23,47
z_idle_21,283,0,23,47
z_idle_22<,283,48,23,47
z_idle_23,31,0,29,47
z_idle_24,61,0,29,47
z_idle_25,0,48,29,47
z_idle_26,0,0,30,47
z_idle_27,30,48,29,47
z_idle_28,60,48,29,47
z_idle_29,121,48,28,47
z_idle_30,121,96,28,47
z_idle_31,91,0,29,47
z_idle_32,91,48,29,47
z_idle_33<,0,96,29,47
z_idle_34,58,144,27,47
z_idle_35,151,0,28,47
z_idle_36,151,48,28,47
z_idle_37,30,96,29,47
z_idle_38,60,96,29,47
z_idle_39,90,96,29,47
z_idle_40,121,0,29,47
z_idle_41,151,96,28,47
z_idle_42,86,144,27,47
z_idle_43,0,144,28,47
z_idle_44<,29,144,28,47
z_idle_45,233,144,24,47
z_idle_46,233,192,24,47
z_idle_47,258,0,24,47
z_idle_48,258,48,24,47
z_idle_49,207,0,25,47
z_idle_50,207,48,25,47
z_idle_51,207,96,25,47
z_idle_52,283,96,23,47
z_idle_53,283,144,23,47
z_idle_54,258,96,24,47
z_idle_55<,258,144,24,47
z_idle_56,207,144,25,47
z_idle_57,258,192,24,47
z_idle_58,0,240,24,47
z_idle_59,283,192,23,47
z_idle_60,25,240,24,47
z_idle_61,50,240,24,47
z_idle_62,75,240,24,47
z_idle_63,100,240,24,47
z_idle_64,125,240,24,47
z_idle_65,150,240,24,47
z_idle_66<,0,192,25,47
z_idle_67,279,288,21,47
z_idle_68,301,288,21,47
z_idle_69,187,288,22,47
z_idle_70,283,240,23,47
z_idle_71,307,0,23,47
z_idle_72,210,288,22,47
z_idle_73,233,288,22,47
z_idle_74,256,288,22,47
z_idle_75,307,48,23,47
z_idle_76,307,96,23,47
z_idle_77<,307,144,23,47
z_idle_78,307,192,23,47
z_idle_79,26,192,25,47
z_idle_80,52,192,25,47
z_idle_81,307,240,23,47
z_idle_82,0,288,23,47
z_idle_83,78,192,25,47
z_idle_84,104,192,25,47
z_idle_85,180,0,26,47
z_idle_86,24,288,23,47
z_idle_87,130,192,25,47
z_idle_88<,48,288,23,47
