$2,3,4,0,1$

ALAN0000,201,49,25,48
ALAN0001,201,98,25,48
ALAN0002,201,0,25,48
ALAN0003,175,0,25,48
ALAN0004,175,49,25,48
ALAN0005,0,92,25,48
ALAN0006,175,98,25,48
ALAN0007<,122,92,25,48
ALAN0008,53,185,27,43
ALAN0009,122,0,27,43
ALAN0010,0,141,27,43
ALAN0011,69,0,27,43
ALAN0012,28,141,27,43
ALAN0013,56,141,27,43
ALAN0014,0,185,27,43
ALAN0015<,0,48,27,43
ALAN0016,134,141,24,43
ALAN0017,69,44,24,43
ALAN0018,70,92,24,43
ALAN0019,156,185,24,43
ALAN0020,95,92,24,43
ALAN0021,28,185,24,43
ALAN0022,81,185,24,43
ALAN0023<,150,0,24,43
ALAN0024,131,185,24,43
ALAN0025,109,141,24,43
ALAN0026,28,48,24,43
ALAN0027,97,0,24,43
ALAN0028,44,0,24,43
ALAN0029,106,185,24,43
ALAN0030,150,44,24,43
ALAN0031<,84,141,24,43
ALAN0032,22,0,21,47
ALAN0033,0,0,21,47
ALAN0034,150,88,21,47
ALAN0035,122,44,21,47
ALAN0036,97,44,21,47
ALAN0037,26,92,21,47
ALAN0038,48,92,21,47
ALAN0039<,201,147,21,47
