$ 2, 0, 1, 4, 3$ 

fire_anim-0001,23,190,44,44
fire_anim-0002,68,190,44,44
fire_anim-0003,113,190,44,44
fire_anim-0004,158,190,44,44
fire_anim-0005,226,0,44,44
fire_anim-0006,226,45,44,44
fire_anim-0007,226,90,44,44
fire_anim-0008<,226,135,44,44
fire_anim-0033,156,0,23,61
fire_anim-0034,156,62,23,61
fire_anim-0035,0,128,23,61
fire_anim-0036,24,128,23,61
fire_anim-0037,48,128,23,61
fire_anim-0038,72,128,23,61
fire_anim-0039,96,128,23,61
fire_anim-0040<,120,128,23,61
fire_anim-0009,0,0,38,63
fire_anim-0010,39,0,38,63
fire_anim-0011,78,0,38,63
fire_anim-0012,0,64,38,63
fire_anim-0013,39,64,38,63
fire_anim-0014,78,64,38,63
fire_anim-0015,117,0,38,63
fire_anim-0016<,117,64,38,63
fire_anim-0025,144,128,22,47
fire_anim-0026,180,0,22,47
fire_anim-0027,180,48,22,47
fire_anim-0028,180,96,22,47
fire_anim-0029,203,0,22,47
fire_anim-0030,203,48,22,47
fire_anim-0031,203,96,22,47
fire_anim-0032<,0,190,22,47
fire_anim-0017,226,180,36,44
fire_anim-0018,0,238,36,44
fire_anim-0019,37,238,36,44
fire_anim-0020,74,238,36,44
fire_anim-0021,111,238,36,44
fire_anim-0022,148,238,36,44
fire_anim-0023,185,238,36,44
fire_anim-0024<,222,238,36,44
